# boost_all 1.2 1.0
6382.004
6382.005
6382.006
6382.007
6382.008
6382.010
6382.011
6382.012
6382.016
6382.017
6382.018
6382.019
6382.020
6382.021
6382.022
6382.023
6382.024
6382.025
6382.026
6382.027
6382.028
6382.033
6382.034
6382.035
6382.036
6382.037
6382.040
6382.041
6382.042
6382.043
6382.044
6382.045
6382.046
6382.047
6382.048
6382.049
6382.050
6382.051
6382.052
6382.053
6382.054
6382.055
6382.056
6382.057
6382.058
6382.059
6382.060
6382.061
6382.062
6382.063
6382.064
6382.065
6382.066
6382.067
6382.068
6382.069
6382.070
6382.071
6382.072
6382.073
6382.074
6382.080
6382.081
6382.082
6382.083
6382.084
6382.085
6382.086
6382.087
6382.088
6382.089
6382.090
6382.091
6382.093
6382.094
6382.095
6382.096
6382.097
6382.098
6382.099
6382.100
6382.101
6382.102
6382.103
6382.104
6382.105
6382.106
6382.109
6382.110
6382.111
6382.112
6382.113
6382.114
6382.115
6382.116
6382.117
6382.118
6382.123

# boost_all 1.0 1.2
6382.009
6382.019
6382.029
6382.030
6382.032
6382.037
6382.039
6382.059
6382.060
6382.075
6382.077
6382.078
6382.079
6382.092
6382.095
6382.096

# boost_all 1.0 1.2
6382.004
6382.005
6382.006
6382.007
6382.010
6382.011
6382.012
6382.016
6382.017
6382.018
6382.019
6382.020
6382.021
6382.033
6382.035
6382.036
6382.039
6382.040
6382.041
6382.042
6382.046
6382.047
6382.049
6382.050
6382.051
6382.058
6382.059
6382.060
6382.061
6382.065
6382.066
6382.067
6382.088
6382.093
6382.094
6382.095
6382.096
6382.098
6382.108
6382.110
6382.123
6382.124

# boost_all 1.0 1.2
6382.025
6382.026
6382.027
6382.052

# boost_all 1.0 1.2
6382.008
6382.028
6382.044
6382.045
6382.068
6382.084

# boost_all 1.0 1.2
6382.004
6382.007
6382.016
6382.021
6382.031
6382.032
6382.041
6382.043
6382.049
6382.051
6382.053
6382.054
6382.055
6382.056
6382.057
6382.059
6382.061
6382.065
6382.066
6382.069
6382.083
6382.085
6382.086
6382.087
6382.088
6382.093
6382.094
6382.097
6382.109
6382.123
6382.124

# boost_all 1.0 1.2
6382.099
6382.102
6382.114

# boost_all 1.0 1.2
6382.008
6382.026
6382.036
6382.041
6382.046
6382.047
6382.067
6382.068
6382.072
6382.081
6382.101
6382.111
6382.112

# boost_all 1.0 1.2
6382.21
6382.66
6382.84
6382.93
6382.94
6382.103

# boost_all 1.0 1.2
6382.4
6382.7
6382.26
6382.27
6382.31
6382.36
6382.43
6382.44
6382.45
6382.46
6382.47
6382.49
6382.53
6382.54
6382.55
6382.56
6382.61
6382.62
6382.63
6382.64
6382.66
6382.67
6382.68
6382.69
6382.73
6382.74
6382.75
6382.76
6382.77
6382.79
6382.81
6382.82
6382.83
6382.85
6382.86
6382.87
6382.88
6382.90
6382.93
6382.101
6382.102
6382.104
6382.109
6382.111
6382.112
6382.114
6382.116
6382.117
6382.119
6382.124

# boost_all 1.0 1.2
6382.8
6382.21
6382.72
6382.78
6382.91

# boost_all 1.0 1.2
6382.28
6382.32
6382.97
6382.106
6382.118

# boost_all 1.0 1.2
6382.061
6382.105
6382.107

# boost_all 1.0 1.2
6382.004
6382.021
6382.036
6382.043
6382.049
6382.063
6382.069
6382.085
6382.086
6382.087
6382.088
6382.090
6382.093
6382.099
6382.101
6382.104
6382.109
6382.116
6382.117
6382.124

# boost_all 1.0 1.2
6382.007
6382.027
6382.031
6382.044
6382.045
6382.046
6382.047
6382.056
6382.062
6382.063
6382.064
6382.068
6382.072
6382.073
6382.074
6382.075
6382.076
6382.077
6382.078
6382.081
6382.082
6382.083
6382.086
6382.088
6382.091
6382.101
6382.102
6382.105
6382.107
6382.109
6382.111
6382.112
6382.114
6382.116
6382.119

# boost_all 1.0 1.2
6382.004
6382.049
6382.090
6382.099
6382.106
6382.118

# boost_all 1.0 1.2
6382.007
6382.031
6382.045
6382.056
6382.064
6382.069
6382.072
6382.073
6382.081
6382.082
6382.083
6382.085
6382.086
6382.091
6382.102
6382.104
6382.105
6382.106
6382.111
6382.112
6382.114
6382.116
6382.117
6382.119

# boost_all 1.0 1.2
6382.076
6382.107

# boost_all 1.0 1.2
6382.045
6382.089

# boost_all 1.0 1.2
6382.076
6382.080
6382.081
6382.117

# boost_all 1 1.2
6382.081
